.Random.seed <-
c(403L, 355L, 1049101690L, -476973558L, 1102360108L, -2006050552L, 
-321483953L, 1455005905L, 349306420L, 182407248L, -1160906466L, 
2040332404L, -1181327593L, 594779485L, 2100544310L, 804691633L, 
307488779L, 2055993523L, 683326828L, -1719107499L, -141427884L, 
2074025926L, -1891840927L, 907877990L, -1842799595L, -1988584298L, 
456871029L, -1005233974L, 1016456614L, 701074530L, -1425311947L, 
1506242035L, -401718732L, -1938234580L, -1545280388L, -328308736L, 
-893987109L, 149171046L, 29098199L, 874467019L, 456204144L, -289061552L, 
-1669401459L, -1978085014L, -1434505297L, 1015794795L, 1480489202L, 
-140207317L, -915286126L, 1591818855L, -203522296L, -1439780563L, 
1118773895L, -1332763923L, -1841470651L, -2000774919L, -444063548L, 
-413484037L, -1990251846L, -857702889L, 965232850L, -1045783790L, 
-1949960319L, -1901007283L, -1748701755L, 108365462L, -1666506344L, 
-2139508844L, 128061294L, 914698962L, -1554465006L, 2017252564L, 
404235096L, 2067019018L, -2016546014L, 1448878291L, -621325208L, 
-695346615L, -325942637L, -1563352789L, 1478215510L, 1788414206L, 
-102409730L, 1323904637L, 1273180512L, -2128731430L, 615746110L, 
-122637115L, 1553815238L, -1735427696L, -1471648255L, 569773605L, 
154479573L, -1726187612L, 415144569L, 1813219826L, -1041783384L, 
78317981L, -166094190L, -1620765280L, 1340023745L, 167396440L, 
-512023499L, -368638190L, 1298149061L, 124049947L, -2050030104L, 
1923438332L, -1677113032L, -967656541L, -783031551L, 139296695L, 
-1356389535L, 498574555L, -1313359469L, 232933157L, 809684074L, 
872043688L, 387009124L, 872634161L, -1379693383L, 47499172L, 
-1893464399L, -205333764L, 1352377465L, -824724155L, 1220195907L, 
381416994L, 91238388L, -970814048L, -1623510322L, -1345057225L, 
-1584916961L, 1854958316L, -1193443078L, 609135828L, -1355637402L, 
1217483952L, 2121774311L, 554039477L, -444467020L, -2039033666L, 
-138581425L, 755241904L, -1764974686L, -1825699607L, 727325593L, 
-1372358386L, -2020010289L, 180889277L, -1746430661L, -1188015488L, 
-1430990897L, -706975094L, 1508121375L, -922825858L, 260582584L, 
831080462L, -700600389L, -1848907527L, 614931707L, -141998846L, 
393966857L, 1649106829L, 1061670831L, -2123878473L, 1071228266L, 
289712901L, -97459741L, -316175892L, -988608381L, -114311036L, 
1494295166L, -2069570587L, -975011438L, -637964491L, -1848344968L, 
-978519216L, 667614923L, 1371112208L, -1397770087L, -554868334L, 
1203390634L, 838728339L, -1317678886L, -1403462030L, 1997064733L, 
1230205554L, 2061169079L, 785484689L, 144414594L, 1265248631L, 
-1775972308L, 462567513L, 1430079186L, -457135200L, 150336977L, 
-1219586073L, -192676851L, -1431391848L, -1957399326L, -1579386120L, 
-1340651923L, 1702586655L, 1436093712L, 379108312L, -886776352L, 
1125419308L, -1444175904L, 1339143613L, 1023780573L, -1394523013L, 
1743817645L, -2097734151L, 538045888L, 999709854L, 1464268931L, 
896588761L, 1302126860L, -1132432434L, 1800026669L, 1875890842L, 
912272028L, 874397262L, 2033833854L, 465614608L, -1944741345L, 
-1004000697L, -175536339L, 1665968721L, 134064448L, -2037502328L, 
18623201L, -1321621317L, 75625140L, 596837337L, 1962291008L, 
-594122568L, 232271641L, 894085565L, 1358793976L, -2057628357L, 
1022035454L, 1216921953L, -968786057L, -852761655L, -661634330L, 
232749990L, -374372798L, -1303838537L, 972152818L, -378665252L, 
-395456788L, -1045704388L, 65593742L, -1737121280L, -380808609L, 
-2102837886L, -177860185L, -1586333460L, 1398008942L, 1218732484L, 
-496171712L, 1043838562L, 1909437594L, 315205275L, -1426805254L, 
1769900244L, -625784850L, -1997656726L, 673998498L, 1620099350L, 
1526416254L, 251492874L, -1942033657L, 1999442702L, 157416871L, 
-1815307756L, 782746528L, 1339329203L, 1076147170L, -891915248L, 
934982770L, -121930472L, -300540000L, -887969132L, -609365129L, 
-138768595L, -311320220L, -679297344L, -732219709L, -371790691L, 
313955448L, -637721704L, -315428794L, -481306406L, -1195360785L, 
246990473L, 1465706376L, 1239568979L, -966374040L, -202476996L, 
267218276L, -299656216L, -584334504L, -1305356779L, -76136256L, 
-1853181148L, 174887326L, -2023894886L, 824716570L, 1383634212L, 
-819671356L, 277108902L, 946748509L, -679584866L, 653724870L, 
1368139457L, -1060599174L, 134198462L, -678627456L, -2014151321L, 
-2055919525L, 802736030L, 1500871228L, -1482061761L, -1948034393L, 
1755584028L, 2136969180L, 589021364L, -2061041972L, 171930527L, 
1991658749L, 1251724079L, 932709354L, 1496921739L, 170383710L, 
1250814645L, -1346550551L, -1709509627L, -149864823L, -41446922L, 
-866360482L, 730907831L, -1846502182L, -740182575L, -218329088L, 
435120367L, -2090163759L, 525580003L, -175565117L, 800860152L, 
1392920775L, -627253933L, 328156715L, 1839763913L, 1476260244L, 
-1149588086L, 1155482288L, 736657471L, -825286531L, 194759299L, 
-196540751L, 621823431L, -458475843L, 1737501122L, -2119537114L, 
1680342093L, -386634986L, 520658153L, -645304369L, -900631384L, 
-1520574927L, 979325794L, -746014781L, 1529201244L, -1262506208L, 
212021913L, 209630254L, -1030920011L, -877349099L, -1224498834L, 
-298847783L, 1398232593L, -2031637207L, -1527906987L, 1404439346L, 
-446623345L, -4247558L, 1246398867L, -703387536L, 1912475745L, 
-985192521L, -485924231L, -899288207L, -664422186L, -481471523L, 
-1784728667L, 716825729L, 1517922963L, -1453604770L, 90910649L, 
2103627235L, 1625162585L, -305006844L, 1095423250L, 99838769L, 
-1355773630L, -765721344L, -1112521772L, 1959818059L, 1215668165L, 
1398923334L, 1564029588L, 150567258L, 489352858L, -1679943073L, 
1311927731L, -1523401878L, 662728892L, -667339789L, 1401280908L, 
-664076042L, 1600612651L, -1279882194L, 1357106264L, -1364900797L, 
-957476611L, -242185379L, 1861904341L, -1656278098L, 664657351L, 
-1257592565L, -885464002L, -96409253L, 2006911624L, 182225090L, 
-50118896L, 2088685948L, -301020918L, 1795039940L, -1225355661L, 
480671122L, -2064501220L, 569083603L, -996494222L, 699275682L, 
1714594408L, -86998487L, 1680231568L, -1561328451L, -1698672385L, 
-1932321263L, 1347893813L, -889885773L, -905483350L, -1643867489L, 
768713576L, 1987081368L, 539224165L, -162789714L, 1262687894L, 
6739034L, 71635841L, -807032230L, 1187594993L, -422124477L, -1427467518L, 
-522835226L, 992465837L, 164269427L, 230089192L, -1181558847L, 
542395018L, 222518856L, 1471107539L, 1427381648L, 282848353L, 
-825593366L, -544662861L, -1789046661L, 708771784L, 1720560259L, 
570192035L, -434369115L, -705810909L, -1864135637L, 1787723245L, 
-1356455060L, 851037823L, 168343311L, 303782308L, 2033143852L, 
-348169054L, -1738899859L, 1079943914L, 371353134L, 1691350737L, 
2137922060L, -1147719240L, -608719589L, -565882177L, -961507229L, 
-1932965933L, -636669402L, 538235530L, -1747383782L, 99599749L, 
192548884L, 1756265902L, 1865684267L, 949808092L, 1057545224L, 
166664650L, -1496045391L, -1413497946L, 166567866L, -528082628L, 
1679009461L, 274524809L, 1640661352L, -1747839119L, 1822515151L, 
-932003L, -42064041L, 1889933686L, -1082170338L, 844807481L, 
913938862L, -898913786L, -1806826825L, 1533837391L, -1588807929L, 
-1290767038L, -90297212L, 1499958955L, -1430711177L, -79603040L, 
1741930750L, -1006074127L, 1604853485L, -1688218294L, 703554948L, 
-1514842002L, -253030114L, -1355602528L, 1557311033L, -418068531L, 
-45064492L, 1899902440L, 98394047L, 2010386961L, 1440413753L, 
-1347386609L, -777952517L, 1305999253L, 812989438L, -607929511L, 
548065838L, -2130991594L, -1259273333L, 43994184L, 1385595578L, 
-1450842899L, 1871165258L, -796060459L, 2923525L, 227467640L, 
387488971L, 775799957L, 273940885L, -70258892L, 1885727476L, 
270018180L, -1294204386L, -2138081794L, 1678177361L, -2124281719L, 
-194518637L, 1055427550L, -238810607L, 454253499L, -736811264L, 
2069423099L, 1144122661L, -1726367194L, 1104198917L, 1918424317L, 
760587945L, 1038575786L, 166652793L, 511373567L, -1523315806L, 
-677712468L, -228812975L, -563257430L, 754741810L, -127033542L, 
1043865719L, -69757431L, 1805174633L, -1993632804L, -1659870939L, 
-1006360146L, 31307619L, -745208104L, -272732777L, -962281787L, 
